% # columns="iteration, evaluation, sigma, axis ratio, bestever, best, median, worst objective function value, further objective values of best", seed=417429, Sun Oct  9 11:22:56 2022, <python>{}</python>
1 12 0.4780121594823348 1.0000466677555726 390.62707890430045 3.9062707890430045e+02 401.1484431860028 426.1943112680755   
2 24 0.46755057095641933 1.169390730972177 382.9623629300862 3.8296236293008621e+02 402.77196803689714 inf   
3 36 0.4510959782148335 1.1788427015038838 380.70951990059734 3.8070951990059734e+02 396.2243166810788 414.97413051427014   
4 48 0.4294884902735003 1.242691780729138 380.70951990059734 3.8361707765471505e+02 398.3456837575133 419.2393699019457   
5 60 0.406789379866543 1.2829155259936924 380.39584061950666 3.8039584061950666e+02 390.1490559852358 398.57716921394996   
6 72 0.390747884812023 1.2935538063800647 380.39584061950666 3.8040784596808498e+02 387.8607352180843 405.1611564656841   
7 84 0.3802745464882106 1.3340485433144387 380.0525398849779 3.8005253988497788e+02 387.0275183910632 395.5859257108498   
8 96 0.3475512333745608 1.344338656344725 378.3905751921836 3.7839057519218358e+02 384.0992678851893 392.84289889002264   
9 108 0.33259899068673615 1.3404366828667018 378.3905751921836 3.7981673981380243e+02 387.43559325414765 inf   
10 120 0.3094711388351884 1.3574519845949269 377.47721115236624 3.7747721115236624e+02 385.83651511217647 406.44118980062973   
11 132 0.2897484992249285 1.394067167825131 377.47721115236624 3.7940069898605918e+02 383.21932580299784 389.3583720358936   
12 144 0.2803546173468937 1.4082959276785316 377.47721115236624 3.7874218956139629e+02 382.4397013535707 391.504728131842   
13 156 0.27399694282520876 1.430994839446969 376.8436197374035 3.7684361973740351e+02 382.0724531492059 390.2722737849455   
14 168 0.25523761977747494 1.4191640530011582 376.8436197374035 3.7734605366379503e+02 381.49760021032324 385.88134014260163   
15 180 0.24593772924612986 1.4248905869912925 374.2196826907976 3.7421968269079758e+02 379.35044397899185 386.6488154585962   
16 192 0.23849958287872866 1.4487921639496242 374.2196826907976 3.7554890303205980e+02 381.22262303954295 387.83699817154957   
17 204 0.22914906176273409 1.4717538653755937 374.2196826907976 3.7450423088411492e+02 378.9965307893924 383.33313612751596   
18 216 0.2434327918595199 1.4736957760100264 372.90032613530275 3.7290032613530275e+02 377.0116659027941 382.5902583467555   
19 228 0.24954817081367014 1.5415746159427264 370.61904293155976 3.7061904293155976e+02 374.29263441846103 380.53241125123674   
20 240 0.2632540339361539 1.5989484576386825 369.9077147009761 3.6990771470097610e+02 374.82878393660167 377.9436951138148   
21 252 0.2659860614860375 1.647696140108906 369.9077147009761 3.7132854942279641e+02 373.7917120838479 378.11549364358234   
22 264 0.28267902510715787 1.6852663414900482 368.97024186439984 3.6897024186439984e+02 372.627571075637 375.88832534956134   
23 276 0.3015347489493515 1.7611279608838815 366.393770898184 3.6639377089818402e+02 372.03444059850693 380.2245368252996   
24 288 0.30730494535355196 1.8253132583463119 366.393770898184 3.6730233689019309e+02 370.85556835629495 373.2092993539496   
25 300 0.3253829584779039 1.8578636254884668 366.393770898184 3.6707412534959280e+02 370.5061347057522 381.08870379103746   
26 312 0.3392961195443595 1.9546256816538168 366.393770898184 3.6871527519741767e+02 371.29577766911734 377.06940289467565   
27 324 0.3283232035186577 2.0355637085350127 366.393770898184 3.6888379412573721e+02 374.9592788152916 384.6429695486865   
28 336 0.306483626171891 2.12318731067333 366.393770898184 3.6882552453888775e+02 372.43695869606563 377.23498183961004   
29 348 0.2813777281104175 2.1112314544976067 366.393770898184 3.6675501896118431e+02 370.7866687166458 381.54298224296343   
30 360 0.2668976748202518 2.0935291011126043 366.393770898184 3.6670145037300733e+02 370.1232694641997 372.1770989644197   
31 372 0.26060878856182845 2.127044111369118 366.393770898184 3.6685153180761466e+02 368.513574679968 371.9360999285996   
32 384 0.2489467144977269 2.146347174058122 366.393770898184 3.6655244519934894e+02 370.60250798414705 372.8693363222204   
33 396 0.23484182793206512 2.1270251794880486 366.3894951258503 3.6638949512585032e+02 369.85580209079507 372.9639599112031   
34 408 0.22280640079785433 2.179605161748171 364.5810615747074 3.6458106157470741e+02 368.8074441697578 370.5939586110265   
35 420 0.2143791573496973 2.216987199596314 364.5810615747074 3.6517116333934888e+02 367.57928330415774 368.38227665206216   
36 432 0.20859421779506315 2.221219345756595 364.5810615747074 3.6501899980087302e+02 367.9796647662586 371.39058737816424   
37 444 0.2015967321525959 2.214962946969175 364.4219076406673 3.6442190764066731e+02 365.9559601358779 368.8372171365932   
38 456 0.19873612114425976 2.2595154272980422 363.76070109547845 3.6376070109547845e+02 365.636394845459 367.12397854356567   
39 468 0.19737607820057554 2.297479028559376 363.76070109547845 3.6446788880241775e+02 365.0620223284661 366.94767885391815   
40 480 0.1883251742798303 2.3127804543475525 363.76070109547845 3.6471164664556562e+02 365.8763229763966 367.4913511460843   
41 492 0.1917595687632985 2.3403762569407562 363.7393018501028 3.6373930185010278e+02 365.05110808201624 368.17538257954294   
42 504 0.18930530722416744 2.373505589581061 363.3800218542943 3.6338002185429428e+02 365.15315760962307 366.22694537906295   
43 516 0.17672185532579243 2.406593362576338 363.3800218542943 3.6354734702395450e+02 364.6953471796579 366.45139583352494   
44 528 0.16800537370584473 2.4485351254036822 362.993528275309 3.6299352827530902e+02 363.87159440645786 365.8480858925715   
45 540 0.1598595463307174 2.461766647089121 362.993528275309 3.6307278561610269e+02 364.38754068350113 367.1477553155597   
46 552 0.16257421893847654 2.528952590907027 362.9401744713225 3.6294017447132251e+02 364.48646554049714 365.12497243831683   
47 564 0.16482176203677532 2.650799235075836 362.88502934406506 3.6288502934406506e+02 364.86359528207765 366.68371944917175   
48 576 0.1611322657112021 2.7021254663636562 362.88502934406506 3.6338246404323161e+02 364.015406661058 364.87927206475445   
49 588 0.1617708160375854 2.741636668486787 362.68980962534886 3.6268980962534886e+02 363.44007974667255 364.22374849303975   
50 600 0.15517027914394058 2.7893517382186195 362.57988287293745 3.6257988287293745e+02 363.89723241081583 365.0396482378008   
51 612 0.14591429039937434 2.7533667598069576 362.42815050693457 3.6242815050693457e+02 363.4342153172725 365.1919194138671   
52 624 0.13725757123380927 2.692033750897879 362.42815050693457 3.6281762577460341e+02 363.0969663474528 364.4850709660416   
53 636 0.12900546929101367 2.7236488254667415 362.3924037070505 3.6239240370705051e+02 363.20564561972253 364.1897674982768   
54 648 0.1268371805842373 2.768693776314678 362.3924037070505 3.6292975271815783e+02 363.0801897664197 363.6014671307945   
55 660 0.12406589052833528 2.732489802205897 362.3924037070505 3.6282535026911262e+02 363.17064729838245 363.9940633256556   
56 672 0.11759760779031492 2.745486897400504 362.3924037070505 3.6244554464905553e+02 362.8079400548314 363.53588078075205   
57 684 0.11025412795388527 2.764335739542484 362.3924037070505 3.6251932614549651e+02 362.8648012102717 363.83968812599136   
58 696 0.10422280967232891 2.8162604154091655 362.33493952509826 3.6233493952509826e+02 362.6081795225276 363.1395092934176   
59 708 0.0999657832112838 2.8024297127801048 362.30315871521384 3.6230315871521384e+02 362.75647837029715 363.46160187245937   
60 720 0.09202807603435671 2.7843990295281924 362.30315871521384 3.6238734853493759e+02 362.8382451126173 363.2355044765713   
61 732 0.08396576884190982 2.8296154867186893 362.2588719161089 3.6225887191610889e+02 363.00695418877365 363.3124220271707   
62 744 0.08020069157343852 2.85626162311265 362.2588719161089 3.6241520147769791e+02 362.64812993731084 363.73464916375656   
63 756 0.07673834296521277 2.8631593868188054 362.24164639181197 3.6224164639181197e+02 362.5776246629087 363.16127450667324   
64 768 0.07336397633109591 2.8816673050848696 362.04177046757053 3.6204177046757053e+02 362.4368940351894 362.60695426601495   
65 780 0.0777949990844297 2.88272497907576 362.04177046757053 3.6204488029003710e+02 362.29939532951465 362.7292485213584   
66 792 0.0818621358135618 2.874787434911589 362.04177046757053 3.6205020937770632e+02 362.3428331855535 362.55708765297425   
67 804 0.07767942566051218 2.9079079467006648 361.9201451094222 3.6192014510942221e+02 362.29491867948127 362.5953790872115   
68 816 0.07298640154668834 2.878442830665218 361.9201451094222 3.6200760647462715e+02 362.50396213470674 362.71740772035446   
69 828 0.07032072569649037 2.9283909120780063 361.9201451094222 3.6210552128899576e+02 362.3413004842528 362.4917425312925   
70 840 0.06736574349967872 2.940691371395618 361.9201451094222 3.6212196501536044e+02 362.36975927501715 362.65474662671994   
71 852 0.06708659181575632 3.0093425233112736 361.9201451094222 3.6212646977332014e+02 362.3843840697621 362.7903944430801   
72 864 0.06640324218491574 3.100443378517266 361.9201451094222 3.6231266459337979e+02 362.5549034493858 362.63841377717614   
73 876 0.06276909945799382 3.1892127153927072 361.9201451094222 3.6213475449410953e+02 362.3543936691888 363.40305328201083   
74 888 0.0578766938429024 3.230364155078961 361.9201451094222 3.6203203867180673e+02 362.3738427599913 362.7372938730685   
75 900 0.05580685959109257 3.2310960032018503 361.9201451094222 3.6201120815073244e+02 362.31414865642415 362.4534909182388   
76 912 0.05355885685079701 3.1904926061371843 361.9201451094222 3.6205574976746772e+02 362.37389196929064 363.08499458400087   
77 924 0.05167732566536903 3.173914620803775 361.9201451094222 3.6197106299878300e+02 362.2354942345531 362.76913223815967   
78 936 0.048756777513785814 3.2196606585038237 361.9201451094222 3.6201887211390300e+02 362.32733754711984 362.60308702055806   
79 948 0.04801482240381699 3.2723350381850884 361.9201451094222 3.6209027021069215e+02 362.27589855812244 362.45274770657187   
80 960 0.048535611097667776 3.2904220357379437 361.9201451094222 3.6200440688228412e+02 362.37796347196894 362.58004634034995   
81 972 0.04780036771870947 3.2707827104504092 361.9201451094222 3.6206228057238093e+02 362.24246051571237 362.44571670425915   
82 984 0.04948997763933934 3.2994939371003382 361.9201451094222 3.6213853945276298e+02 362.30517153772973 362.79857052940287   
83 996 0.048930109884109174 3.346924888403274 361.9201451094222 3.6206964003687330e+02 362.3269429517626 362.49826349056457   
84 1008 0.047241660362119936 3.3601506722076966 361.9201451094222 3.6206739883307267e+02 362.27146658784534 362.37559436424067   
85 1020 0.04461810608902686 3.4207191445619136 361.8780147833396 3.6187801478333961e+02 362.22805852255806 362.6324152245192   
86 1032 0.043425004966723475 3.4990416700311453 361.8780147833396 3.6199096951270968e+02 362.3040653390629 362.7416923301701   
87 1044 0.043266244569421075 3.455123629911442 361.8780147833396 3.6202674347095444e+02 362.2555327330501 362.47540047661244   
88 1056 0.04251999240739329 3.4958331992608342 361.8780147833396 3.6200010666080982e+02 362.2542132458599 362.59747680366416   
89 1068 0.04119288596593043 3.474840004606842 361.8780147833396 3.6192899239382609e+02 362.26216027695233 362.6414071529292   
90 1080 0.03913751995440102 3.534818320211716 361.8780147833396 3.6190533641556084e+02 362.23653920273534 362.355490908346   
91 1092 0.03859583408241904 3.5556341680537806 361.8780147833396 3.6203921529818695e+02 362.2658188198954 362.3775259167532   
92 1104 0.03740963632620435 3.5616442466689757 361.8780147833396 3.6198376454615106e+02 362.1808317914506 362.56345066116995   
93 1116 0.039158740313494214 3.558913396062366 361.8780147833396 3.6204981234283150e+02 362.1451522599793 362.4291773421837   
94 1128 0.0397344421237043 3.5611777965334688 361.8780147833396 3.6199506924049331e+02 362.2184788094063 362.4861960031956   
95 1140 0.03955841031837214 3.5816946888210235 361.8780147833396 3.6203408520840560e+02 362.1922774781599 362.480484845743   
96 1152 0.03943656063500403 3.530048830743449 361.8780147833396 3.6195907294314475e+02 362.2223375950518 362.34290097599546   
97 1164 0.03889123008224961 3.5746732631177287 361.8780147833396 3.6197289705296515e+02 362.19223511664967 362.5470205116988   
98 1176 0.03694603053281059 3.5496065343635226 361.8780147833396 3.6192312153494004e+02 362.20746835785144 362.61883132597575   
99 1188 0.03490825125513352 3.5238573827538864 361.8780147833396 3.6206669293672587e+02 362.21432709485674 362.45058851808   
100 1200 0.03666468133991652 3.5562800718766714 361.8780147833396 3.6196643633367580e+02 362.19144701933016 362.50941832011233   
101 1212 0.03897391471541631 3.5587055578551254 361.8780147833396 3.6211441185386951e+02 362.219016364622 362.5494170063831   
102 1224 0.03785130715616409 3.5661394770513066 361.8780147833396 3.6191114452021958e+02 362.1854331794166 362.3580786882582   
103 1236 0.03773853079347822 3.5049777979077437 361.8780147833396 3.6200979785771761e+02 362.1917723963927 362.37142015355784   
104 1248 0.039282512251520615 3.4924872105670333 361.8780147833396 3.6201284662191404e+02 362.24728716971526 362.3903415669954   
105 1260 0.03876653484891544 3.474689353580306 361.8780147833396 3.6191626250212494e+02 362.1045637391675 362.5011911951259   
106 1272 0.038102348949895115 3.4786859290818715 361.8780147833396 3.6201923308170052e+02 362.15155484271844 362.29291830654586   
107 1284 0.037163150689139224 3.419400982629266 361.85999434315755 3.6185999434315755e+02 362.24272414998376 362.6245735616537   
108 1296 0.038670481699832816 3.4555181816264993 361.85999434315755 3.6191704013883555e+02 362.2226697211892 362.6064593474545   
109 1308 0.03884942008973392 3.4727903987815036 361.84909740494834 3.6184909740494834e+02 362.0546642242638 362.28405121239587   
110 1320 0.03855928603075895 3.4331575129769907 361.78491227523847 3.6178491227523847e+02 362.1011842116233 362.4135519373561   
111 1332 0.03788434983708664 3.452204417384664 361.73077537620986 3.6173077537620986e+02 362.0423727777236 362.2720065806859   
112 1344 0.03605380646705052 3.422539988967128 361.73077537620986 3.6190592452654863e+02 362.10549516992785 362.18440506065144   
113 1356 0.03589136236226753 3.4108575432596675 361.73077537620986 3.6184798290529875e+02 362.0924695229685 362.3439708647195   
114 1368 0.03598778091705277 3.3385024259872593 361.73077537620986 3.6185266291929287e+02 362.07524359926646 362.2807288293307   
115 1380 0.036635153554515555 3.322978273070581 361.73077537620986 3.6181176611158293e+02 361.9826834913851 362.1022626509378   
116 1392 0.03927780510754611 3.3286629536207095 361.73077537620986 3.6190985528714407e+02 362.09249263401944 362.33831145203   
117 1404 0.04305505645745984 3.375804535826036 361.73077537620986 3.6183164133440283e+02 362.08480250887754 362.3685233990685   
118 1416 0.045124981705654967 3.6272428989452212 361.73077537620986 3.6180066196670492e+02 362.03913085204397 362.360298236578   
119 1428 0.04753371564051127 3.730811234383239 361.73077537620986 3.6178775029542817e+02 361.95685018607975 362.4163810722271   
120 1440 0.05075093853925749 3.8516723161398994 361.73077537620986 3.6176151091110449e+02 362.04169674859975 362.52439279040607   
121 1452 0.053794995712578855 3.865741604096576 361.73077537620986 3.6186661802963607e+02 362.04879827080873 362.4269795559643   
122 1464 0.05468209871519459 3.9422303743633083 361.73077537620986 3.6175076455168465e+02 362.0082832911233 362.22333389605535   
123 1476 0.05740580651397314 3.959486385252118 361.73077537620986 3.6176161834053659e+02 361.9175982858305 362.1945334503079   
124 1488 0.059891388067250445 3.969761338215967 361.73077537620986 3.6189561913501410e+02 362.1313094752588 362.31592388712625   
125 1500 0.061580915071565843 3.9564581728518817 361.73077537620986 3.6184204507069131e+02 362.00513686704267 362.3620524611346   
126 1512 0.05962905938081613 3.806356343253906 361.73077537620986 3.6187940168797979e+02 362.0680306826507 362.3541214060703   
127 1524 0.05985347681125338 3.777255129722036 361.73077537620986 3.6181171554314449e+02 361.99052335611947 362.4111296915977   
128 1536 0.061731344441892405 3.7331997864270905 361.73077537620986 3.6179175823201456e+02 362.1281637468344 362.43384246727214   
129 1548 0.06122603735822184 3.8359476567192567 361.73077537620986 3.6175136914112818e+02 361.97566535665504 362.22823335992535   
130 1560 0.060800742304146525 3.9456689112081245 361.6490167693197 3.6164901676931970e+02 361.8816212812487 362.32397291404953   
131 1572 0.05844087096320372 3.98501268962825 361.6490167693197 3.6170704474981875e+02 362.03205012150084 362.2929890847066   
132 1584 0.05704947501424819 3.9995639685658224 361.6490167693197 3.6177730582905190e+02 361.8900553931437 362.20905670760527   
133 1596 0.05360483129348726 4.067940036735 361.6490167693197 3.6166637245558752e+02 361.9784661615302 362.2613568912978   
134 1608 0.048765095840932644 4.102478250885746 361.6490167693197 3.6167318797516407e+02 361.9080965722949 362.22688623592046   
135 1620 0.04365333349719601 4.1431666212174925 361.6490167693197 3.6168287675018303e+02 361.88581995512493 361.9978457152719   
136 1632 0.04042047878367688 4.154646572824365 361.6490167693197 3.6169100310695308e+02 361.96012013579457 362.1967172098187   
137 1644 0.04035323166919385 4.142321129616125 361.6490167693197 3.6171698875923249e+02 361.86614724139207 362.12551833299943   
138 1656 0.03912351452016897 4.089399469879186 361.6490167693197 3.6172852175294213e+02 361.8933228662744 362.05721725465577   
139 1668 0.03806824825910121 4.100440473437259 361.6490167693197 3.6166459385779012e+02 361.9504903853856 362.2258737242402   
140 1680 0.03767907652287678 4.105925555667573 361.62132704370254 3.6162132704370254e+02 361.9677293048082 362.1759896126075   
141 1692 0.036405839994437784 4.019986678230227 361.62132704370254 3.6172252332655069e+02 361.9873030934245 362.0941971077921   
142 1704 0.03202424515484917 3.9717311518900664 361.62132704370254 3.6167145688716477e+02 361.8904505640184 362.05165378693994   
143 1716 0.03123546771608554 3.9847215712267117 361.62132704370254 3.6173187462405178e+02 361.83967978106864 362.1100389951279   
144 1728 0.028544239848034454 3.9511151326432583 361.62132704370254 3.6166478116279137e+02 361.89665470326526 362.0295520500791   
145 1740 0.029064572898979346 3.9937388562917664 361.62132704370254 3.6166061808192677e+02 361.7969666004908 362.0877022504538   
146 1752 0.027946900928996876 4.0253768786977755 361.6006846720307 3.6160068467203070e+02 361.8538559898337 362.12728452495253   
147 1764 0.027110685122271737 3.9940226960127285 361.6006846720307 3.6163717658590969e+02 361.8166526818152 361.98592477834836   
148 1776 0.02791467115515915 4.119232395127386 361.6006846720307 3.6176219752562201e+02 361.886840443773 362.1287749373024   
149 1788 0.02985076188247276 4.166848233103295 361.6006846720307 3.6162161422717747e+02 361.8512885518958 362.119914681664   
150 1800 0.030866728738903233 4.218716132714329 361.5697381552595 3.6156973815525947e+02 361.9066142537846 362.140578703379   
151 1812 0.030844836093033477 4.200094405886187 361.5697381552595 3.6169239148420979e+02 361.93781404480467 362.14525686369285   
152 1824 0.03017663590843754 4.322385288330477 361.5697381552595 3.6165098959512716e+02 361.7795580596865 362.0325767973223   
153 1836 0.02952690919651167 4.395896127026032 361.5697381552595 3.6163011549287643e+02 361.87294206141144 361.9993993920071   
154 1848 0.0287545884161041 4.421401439448402 361.5697381552595 3.6160432438545541e+02 361.8790516092633 362.03605381594076   
155 1860 0.02845021143344352 4.500583866384557 361.5697381552595 3.6167967604576825e+02 361.89431752511035 362.0012105088464   
156 1872 0.029093362009473628 4.623456910048778 361.56660108142705 3.6156660108142705e+02 361.8438382162545 362.0174674246153   
157 1884 0.028350490440924025 4.70322509132275 361.56660108142705 3.6168963830319433e+02 361.7976012209311 362.1448308379399   
158 1896 0.028274413109696195 4.788271667884611 361.56660108142705 3.6162721718783916e+02 361.7881051807126 362.03705803025224   
159 1908 0.028253930181409467 4.733908151770189 361.56660108142705 3.6164556431396750e+02 361.79214055044156 362.14491750204377   
160 1920 0.0281051205243263 4.850345519696991 361.56660108142705 3.6162206566702764e+02 361.8479208565263 362.24018104969923   
161 1932 0.026740706784211043 4.902554418170197 361.5561338809589 3.6155613388095890e+02 361.8262664711683 362.04153762276525   
162 1944 0.027011029819450583 4.898180697703912 361.5561338809589 3.6161353432697746e+02 361.8040233423834 361.9252660523073   
163 1956 0.027395282944534863 4.883084337712253 361.55259231992443 3.6155259231992443e+02 361.81954909479356 362.12575711358136   
164 1968 0.0291323181107147 4.819069071159892 361.53449051031265 3.6153449051031265e+02 361.8232708706431 362.055591416083   
165 1980 0.02964590973599594 4.841063167251934 361.53449051031265 3.6165482166586099e+02 361.7856296871957 361.9805397193509   
166 1992 0.03227757122622862 4.878717303147341 361.53449051031265 3.6160201538846798e+02 361.68325230232625 361.9913669716788   
167 2004 0.03355646880242005 4.865455812770117 361.53449051031265 3.6157463996917181e+02 361.8112866634535 362.02483390693584   
168 2016 0.03258146827822775 4.928099667837297 361.53449051031265 3.6160988965982983e+02 361.8132089680724 362.19999083842725   
169 2028 0.03350020758054222 5.03355998829906 361.53449051031265 3.6167256555241130e+02 361.86700656974693 362.09352367735823   
170 2040 0.03277265898801811 4.9933411664250364 361.53449051031265 3.6163707811258729e+02 361.8502968940686 362.0568291345329   
171 2052 0.03126695494824443 5.1020539013967054 361.53449051031265 3.6167161833077859e+02 361.7754216692997 361.97936324565813   
172 2064 0.030338443060005153 5.163474790870728 361.53449051031265 3.6165203928705506e+02 361.7857059003603 361.87788695402116   
173 2076 0.030805757305126913 5.149799833990712 361.53449051031265 3.6157570565127014e+02 361.7898022258299 362.0811360433634   
174 2088 0.030468401707314175 5.310642967407244 361.53449051031265 3.6163892583325480e+02 361.8472616796032 362.01192673375874   
175 2100 0.03250070206069024 5.257071880680113 361.53449051031265 3.6163274652941789e+02 361.8262264231921 362.0021153234333   
176 2112 0.034814059731618774 5.2895650114000405 361.53449051031265 3.6165783192907782e+02 361.7834745961322 361.9594405711085   
177 2124 0.03750316328325924 5.412066023416624 361.53449051031265 3.6157847355503219e+02 361.78061577422096 362.24237785538594   
178 2136 0.03784366848469182 5.464445832914314 361.53449051031265 3.6161161760464626e+02 361.8231861045371 362.0823507686036   
179 2148 0.0364287199931285 5.339852398846499 361.53449051031265 3.6164917269998404e+02 361.8097395766916 362.10353937827864   
180 2160 0.03633977517690024 5.3774914885901195 361.53449051031265 3.6162574026979786e+02 361.81243556436664 362.0249653907484   
181 2172 0.03604809269157547 5.271815956013474 361.53449051031265 3.6164446421828916e+02 361.76047076713473 361.9186826820095   
182 2184 0.03584417563805164 5.274057072022158 361.53449051031265 3.6155279045394872e+02 361.75921879037173 361.90194301222476   
183 2196 0.036434316521080305 5.256198516563772 361.53449051031265 3.6154877228102163e+02 361.70202440249216 361.94797479180363   
184 2208 0.034354010853603886 5.405736667890321 361.53449051031265 3.6167646046817151e+02 361.838164466174 362.11468946174017   
185 2220 0.03290173325667506 5.385386405055463 361.53449051031265 3.6159906375346833e+02 361.7619920783333 362.08493272097377   
186 2232 0.03197821816242452 5.297614671201462 361.53449051031265 3.6158881721111061e+02 361.77364489308445 361.9776029671199   
187 2244 0.030966637309349822 5.370534898109138 361.53449051031265 3.6159920740227449e+02 361.75937001185923 361.94663318954343   
188 2256 0.0299445528374879 5.415142690644789 361.53449051031265 3.6155925950028086e+02 361.78228649629784 362.01206143836754   
189 2268 0.028824813386433848 5.412013439961752 361.53449051031265 3.6162705297879404e+02 361.6977073170324 361.92207415015974   
190 2280 0.027308334561209503 5.454305881774924 361.53449051031265 3.6166141210241506e+02 361.794489929825 362.00221711513717   
191 2292 0.02650118005832853 5.462796253947241 361.53449051031265 3.6157295458481917e+02 361.7581102594061 362.02659842646193   
192 2304 0.02545249197439599 5.4881982209070586 361.53449051031265 3.6157650383063287e+02 361.77948361299383 362.0258766418655   
193 2316 0.024950364391655037 5.574420358375973 361.53449051031265 3.6161740419902583e+02 361.73792749300156 361.9940880255907   
194 2328 0.02362764585509511 5.5734073586970805 361.53449051031265 3.6162435776605105e+02 361.7249292861405 361.9983022948482   
195 2340 0.022417592119227787 5.658787388281525 361.53449051031265 3.6156349202057618e+02 361.8078599345086 361.99959958145485   
196 2352 0.022960560446642672 5.619130921840606 361.53449051031265 3.6154244593433231e+02 361.766092864931 361.9402932096106   
197 2364 0.02204676502833277 5.5699442974970195 361.53449051031265 3.6162361761550159e+02 361.74400758048085 362.01096520375967   
198 2376 0.021924792428867922 5.622343876307262 361.4838793275066 3.6148387932750660e+02 361.75905440974174 361.9926851326162   
199 2388 0.021776017364702083 5.668090649885744 361.4838793275066 3.6151398366019208e+02 361.9307769031905 362.3250645945819   
200 2400 0.021455781109603736 5.636295501199537 361.4838793275066 3.6155313452043742e+02 361.7493795347861 361.84797545505404   
201 2412 0.02107565140522784 5.641981522234536 361.4838793275066 3.6156738017729151e+02 361.83537787180023 361.9632315434065   
202 2424 0.019986781894757187 5.663044553158139 361.4838793275066 3.6162334398316290e+02 361.9479435565227 362.07535305468014   
203 2436 0.019415883291982114 5.658205591934607 361.4838793275066 3.6168102416826054e+02 361.7571094968916 361.9492979621426   
204 2448 0.019741977485304815 5.667104733095806 361.4838793275066 3.6160161171577312e+02 361.7552877371763 361.84493677121674   
205 2460 0.019185338718984528 5.932709249851633 361.4838793275066 3.6161996527848095e+02 361.8130395741784 361.8924915507675   
206 2472 0.019031432457667675 5.98472395634074 361.4838793275066 3.6160138499674974e+02 361.795711908774 361.98496235269147   
207 2484 0.01935374354669622 5.919811331422051 361.4838793275066 3.6161375334531550e+02 361.76157080053724 361.93588317323264   
208 2496 0.019233496383914358 5.980334510776501 361.4838793275066 3.6162670114548791e+02 361.781649860958 361.9462431759239   
209 2508 0.018661511081983124 5.919517210884905 361.4838793275066 3.6158106843836225e+02 361.7634035014999 361.92502753629697   
210 2520 0.01841418111785933 5.868854600304751 361.4838793275066 3.6148710892791115e+02 361.71895743004677 362.0268428326472   
211 2532 0.01913265423300827 5.792831388659453 361.4838793275066 3.6162356895572299e+02 361.7437694775781 362.089635383397   
212 2544 0.020072230483628536 5.78203961228933 361.4838793275066 3.6169327707824107e+02 361.7967323930696 362.1475145054057   
213 2556 0.02149573978706654 5.6670817625530585 361.4838793275066 3.6156650621342891e+02 361.7816950559281 362.0273808310763   
214 2568 0.02300272320773751 5.690480102728459 361.4838793275066 3.6163022868560552e+02 361.7734394349582 362.0886439121698   
215 2580 0.025005856728342418 5.79326121729003 361.4838793275066 3.6164065656928574e+02 361.8144474852684 361.99179103002206   
216 2592 0.026690632420094916 5.840864159159106 361.4838793275066 3.6162340511106072e+02 361.83313581752435 362.07966436196585   
217 2604 0.02629006198303697 5.958135498222091 361.4838793275066 3.6165296550463455e+02 361.77729221181886 362.10529545664315   
218 2616 0.025441313605498138 5.968402589950331 361.4838793275066 3.6152595948960663e+02 361.76518234142986 361.83703106321974   
219 2628 0.02515650249718711 5.910422145521157 361.4838793275066 3.6167709482188729e+02 361.7945142871303 362.13043058657416   
220 2640 0.0250038279124117 5.978787975866671 361.4838793275066 3.6163351458032008e+02 361.78908961215177 362.0197041083884   
221 2652 0.024493567510846477 6.047713341676956 361.4838793275066 3.6158286732719961e+02 361.81292665020874 361.91734944699016   
222 2664 0.024215652401657423 6.038167020141302 361.4838793275066 3.6164472842738161e+02 361.8054522604706 362.0688521764558   
223 2676 0.024575137893265944 6.090170602878184 361.4838793275066 3.6164625525544585e+02 361.71306356769674 362.1155721885453   
224 2688 0.024403189066382575 6.06147540360019 361.4838793275066 3.6153104671832779e+02 361.75955011102724 362.092158871379   
225 2700 0.024546883221702682 6.127021469601457 361.4838793275066 3.6159316531676097e+02 361.73931380826554 362.1752980443553   
226 2712 0.02488251063826234 6.247360031617902 361.4838793275066 3.6158438853197765e+02 361.7679410356592 361.9350989256476   
227 2724 0.024548807092000545 6.161441557747061 361.4838793275066 3.6156560944102313e+02 361.72766509822895 362.01525040280103   
228 2736 0.02575652084921318 6.185163084081372 361.4838793275066 3.6159733035683860e+02 361.7759363955399 362.29397759252925   
229 2748 0.02568760802475775 6.163375382326009 361.4838793275066 3.6160366828726143e+02 361.7487349873469 362.19046006244145   
230 2760 0.02506628374093395 6.125438449112781 361.4838793275066 3.6165095488653162e+02 361.7354871590965 361.9932231116781   
231 2772 0.024547776978241773 6.157952353833987 361.4838793275066 3.6163071522885531e+02 361.8122120534511 362.0503321986752   
232 2784 0.02289209132063857 6.004254111099329 361.4838793275066 3.6167996595179170e+02 361.79816717515746 362.2045628690868   
233 2796 0.022839497252478438 5.956011910906635 361.4838793275066 3.6166032183160627e+02 361.844814605207 362.195232210662   
234 2808 0.023109622472439535 5.90547514828699 361.4838793275066 3.6155637504192345e+02 361.8676852608591 362.02265163014386   
235 2820 0.02400498616709083 6.061716485187003 361.4838793275066 3.6163057865479294e+02 361.78418386533036 362.0350542637199   
236 2832 0.023724148614811154 6.1617100696281275 361.4838793275066 3.6168820660179779e+02 361.7843784389811 361.97818033443724   
237 2844 0.023213571086184458 6.324843742197733 361.4838793275066 3.6156455136126857e+02 361.7990224975202 362.00528007835277   
238 2856 0.023960646150258915 6.5158409762574765 361.4838793275066 3.6164127386669986e+02 361.9322716867936 362.13269610369576   
239 2868 0.023967580540454607 6.6523592500140785 361.4838793275066 3.6152872731772192e+02 361.7773110544852 362.0503084317063   
240 2880 0.024376115105553296 6.753542111811645 361.4838793275066 3.6163088859364882e+02 361.8254305606721 361.9710030431793   
241 2892 0.024187743003362603 6.954594934173442 361.4838793275066 3.6162213952146396e+02 361.7556865083227 362.1759642592696   
242 2904 0.02323360371711719 7.082178796923688 361.4838793275066 3.6159318747156198e+02 361.78911838730164 361.955325725856   
243 2916 0.0229810828393639 7.038167991401194 361.4838793275066 3.6162350671371115e+02 361.833116671112 362.0258542497856   
244 2928 0.023657020036462292 6.830989638826909 361.4838793275066 3.6172815671328618e+02 361.84469686997073 362.0539609276821   
245 2940 0.023972521175966658 6.862460159798939 361.4838793275066 3.6168253695438017e+02 361.90770620424405 362.2604107943042   
246 2952 0.02452666419076866 7.029854432589768 361.4838793275066 3.6166511807890367e+02 361.8583461688627 362.219680235512   
247 2964 0.02433187825086711 7.03439175467493 361.4838793275066 3.6167829879074577e+02 361.8203265741973 362.0940451508452   
248 2976 0.023220889226252477 7.139458531184612 361.4838793275066 3.6158633022342065e+02 361.8549201855424 361.9962188489895   
249 2988 0.02124380648097249 7.1592130889936065 361.4838793275066 3.6165876833437278e+02 361.75962502207653 361.92299742032753   
250 3000 0.02036074261489655 7.2084898585673 361.4838793275066 3.6167572595886548e+02 361.83619017224 362.3605110197152   
251 3012 0.01956935831772327 7.246814000465378 361.4838793275066 3.6168030116894835e+02 361.8337660678247 361.9967072811539   
252 3024 0.01898044734427742 7.2608348769521 361.4838793275066 3.6162326040544457e+02 361.81184415950486 362.17083181922374   
253 3036 0.01896599492923354 7.331703947573433 361.4838793275066 3.6170099549819992e+02 361.8857393522103 362.0387890352175   
254 3048 0.018847009534168253 7.327558230161796 361.4838793275066 3.6164224724066986e+02 361.8132495575332 362.02892375877053   
255 3060 0.01880788929456014 7.289520562678295 361.4838793275066 3.6158103632158287e+02 361.78823803186225 362.0900404932149   
256 3072 0.018340514230782548 7.101531014542619 361.4838793275066 3.6161827785639923e+02 361.85825614380065 362.27109121003656   
257 3084 0.01805920820841984 7.166809256163002 361.4838793275066 3.6161681056015067e+02 361.81679025901747 361.9938403420438   
258 3096 0.018399184517531503 7.1827483242447085 361.4838793275066 3.6158769803703456e+02 361.72464230356366 362.09235938426235   
259 3108 0.01853316060877857 7.243198263965041 361.4838793275066 3.6166715920309548e+02 361.79886321406093 362.01478011013705   
260 3120 0.018868522055176584 7.506403359485006 361.4838793275066 3.6163055652426027e+02 361.785770352033 362.0129216584864   
261 3132 0.01983414869431643 7.362424783148466 361.4838793275066 3.6159763070195902e+02 361.8150098071765 362.0025879745813   
262 3144 0.020305331350220418 7.395154223042766 361.4838793275066 3.6154311575510616e+02 361.73620004105874 362.13929255079535   
263 3156 0.021086565764545488 7.472075474838208 361.4838793275066 3.6152901988944080e+02 361.7200219519207 361.9982347130732   
264 3168 0.02095355649241347 7.607163361800775 361.4838793275066 3.6159270987469694e+02 361.78276068250494 361.92680992463903   
265 3180 0.02038382440562276 7.6848357607549564 361.4838793275066 3.6160116102142467e+02 361.7416253018943 362.00235813464354   
266 3192 0.020924896454056405 7.526681787078817 361.4838793275066 3.6158601799863607e+02 361.80025517598654 362.0508111176222   
267 3204 0.021132954422249214 7.4219257966321655 361.4838793275066 3.6158789339219896e+02 361.8009781886402 361.9489503532779   
268 3216 0.020084795444970605 7.379176309777428 361.4838793275066 3.6158494855666663e+02 361.7453929290066 361.99612690557774   
269 3228 0.01954501270623117 7.289291323847616 361.4838793275066 3.6170985686458909e+02 361.8537176529052 361.97839141653543   
270 3240 0.01923886696838216 7.331030518170375 361.4838793275066 3.6165173202764606e+02 361.84360252719995 361.9562249900585   
271 3252 0.01879648738715579 7.42233422838685 361.4838793275066 3.6165829871821830e+02 361.8259172522061 361.9120121760991   
272 3264 0.017984356628676708 7.334208684678987 361.4838793275066 3.6164619427116781e+02 361.8294184385809 362.04275041676357   
273 3276 0.018022666591347544 7.402151442849388 361.4838793275066 3.6166955954809328e+02 361.73101555361905 361.9249377292898   
274 3288 0.019141098511748666 7.644018840667998 361.4838793275066 3.6169199857289533e+02 361.8145064217035 361.98906513866837   
275 3300 0.01889867018121802 7.7244335058390705 361.4838793275066 3.6171819680347579e+02 361.85113299907056 362.06328969512896   
276 3312 0.017728691082642415 7.72608517918977 361.4838793275066 3.6164852586638307e+02 361.7857840171821 362.0401525298633   
277 3324 0.017608515048608997 7.705737286463437 361.4838793275066 3.6151454031507279e+02 361.7665743161277 361.9673792671168   
278 3336 0.017173075271083967 7.708104321444905 361.4838793275066 3.6164562549947510e+02 361.78165489627804 361.9167970615215   
279 3348 0.017974858565810492 7.810027691200299 361.4838793275066 3.6163167516589840e+02 361.71755484927917 361.9229398198477   
280 3360 0.018122048177451 7.92719332217867 361.4838793275066 3.6163382704878535e+02 361.8382864661708 362.076584981308   
281 3372 0.018840358285176727 8.02845936487552 361.4838793275066 3.6155671290931451e+02 361.8244720431545 362.31067971916707   
282 3384 0.018591621200075674 8.227879119749499 361.4838793275066 3.6161616908346411e+02 361.7174049882899 361.85141870159225   
283 3396 0.018790788291114056 8.207403706753697 361.4838793275066 3.6161244108465650e+02 361.8111979130567 362.0088509550669   
284 3408 0.018843612552564806 8.022726086233511 361.465711787953 3.6146571178795301e+02 361.74100484210743 361.86766532191115   
285 3420 0.018814814252244332 8.117843348307364 361.465711787953 3.6156778319872024e+02 361.78090090425127 362.04190766839196   
286 3432 0.01932395603853236 8.041419599413318 361.465711787953 3.6160321015538068e+02 361.82273662156115 362.1616951827386   
287 3444 0.019395810906637986 7.859498723266663 361.465711787953 3.6157348304124218e+02 361.75415846045524 362.15135786029157   
288 3456 0.018759401062554082 7.719144430815217 361.465711787953 3.6153838488376539e+02 361.7831345047244 362.0589282065981   
289 3468 0.0185549694212264 7.758842916557096 361.465711787953 3.6159264476218061e+02 361.78058567770756 361.9146602401371   
290 3480 0.018350942749313086 7.667619951117881 361.465711787953 3.6155953369518102e+02 361.7903893042194 361.9360036328437   
291 3492 0.018438572557565723 7.66168261189381 361.465711787953 3.6164991564720640e+02 361.8911584378661 362.01878073811736   
292 3504 0.019110031628194326 7.697263801520214 361.465711787953 3.6165059693650863e+02 361.85398802163456 362.0414403332916   
293 3516 0.019497463162823254 7.8029045367720045 361.465711787953 3.6168435771967887e+02 361.864669473957 362.30625277643315   
294 3528 0.0197104506285031 7.889243997670511 361.465711787953 3.6156721394455747e+02 361.8179318238704 362.0485073182208   
295 3540 0.019854851356399607 7.860025059326456 361.465711787953 3.6171482117593672e+02 361.89557372931114 362.055500248947   
296 3552 0.020696665472329574 7.769981963932827 361.465711787953 3.6167721199703607e+02 361.93097364993264 362.15444325453313   
297 3564 0.021742528736175992 7.55872453844583 361.465711787953 3.6166681736524407e+02 361.7757745214808 362.0477899202474   
298 3576 0.022420255103184076 7.612519566448392 361.465711787953 3.6159444655856987e+02 361.93756974539866 362.2788749478379   
299 3588 0.022387509619958206 7.811559924562452 361.465711787953 3.6155701392009286e+02 361.9243461772528 362.1308042649133   
300 3600 0.021943535580029348 7.79117046917963 361.465711787953 3.6168861510827145e+02 361.75152079917365 361.9479606485461   
301 3612 0.02062875351953259 7.941546626550733 361.465711787953 3.6160510647508221e+02 361.8996909271234 362.0068494931695   
302 3624 0.020078690071986212 7.8305171194327166 361.465711787953 3.6161775064764885e+02 361.8764071605905 362.07127514512405   
303 3636 0.01936884493070883 7.863370654794766 361.465711787953 3.6170798511561071e+02 361.8216327448376 362.0705840198218   
304 3648 0.01884772007507964 7.819479432780955 361.465711787953 3.6165846510027728e+02 361.8141473229165 362.00538277267515   
305 3660 0.017920643346534492 8.035665901248095 361.465711787953 3.6152727122365786e+02 361.80055736873146 362.23421382105386   
306 3672 0.017782269138026476 8.172426093373632 361.465711787953 3.6155847400036043e+02 361.87265112611266 361.9953077566945   
307 3684 0.01937513971008046 8.16040943604335 361.465711787953 3.6158259968056342e+02 361.8134933680951 362.13971516013754   
308 3696 0.020586810474275602 8.05960574439549 361.465711787953 3.6150798625203765e+02 361.84626015813325 362.1387577156501   
309 3708 0.021282337758413206 8.09817619098281 361.465711787953 3.6171596608617540e+02 361.82079867971584 362.2098955019149   
310 3720 0.02186785796011167 8.089875880571052 361.465711787953 3.6154572982067617e+02 361.83387312857616 362.0247583763024   
311 3732 0.02229373480540424 8.2378194585401 361.465711787953 3.6167896693680871e+02 361.8628046721997 362.17678129684384   
312 3744 0.021893920853981355 8.356634113517524 361.465711787953 3.6158185124422891e+02 361.8356373691636 362.0331863090663   
313 3756 0.021830268130861374 8.426356821793641 361.465711787953 3.6153277949804402e+02 361.7384163162278 361.8263864139239   
314 3768 0.020775658134741547 8.27050033732033 361.465711787953 3.6161961340031536e+02 361.7770121434644 361.92917599161325   
315 3780 0.020287016989942598 8.426416403704003 361.465711787953 3.6161918007700768e+02 361.77792998458233 361.98614806649334   
316 3792 0.01975600155753605 8.525804600626197 361.465711787953 3.6169406187071837e+02 361.7911306538141 362.19834450342336   
317 3804 0.019043771648357133 8.216954346995493 361.465711787953 3.6147200455208349e+02 361.75918739870775 362.00394135901695   
318 3816 0.018474412346208356 8.154459203998485 361.465711787953 3.6159596212545966e+02 361.7618809588821 361.96929266372706   
319 3828 0.01865774785154685 8.038857942825997 361.465711787953 3.6155333024799688e+02 361.74635838549574 362.1037348305799   
320 3840 0.018805088410262794 8.184005650084549 361.465711787953 3.6162739771092714e+02 361.9031244538152 362.18217355565577   
321 3852 0.018286975841930606 7.9226490190096674 361.465711787953 3.6164624158982974e+02 361.77863638160625 361.9844370792329   
322 3864 0.017320229690686993 7.807249912773695 361.465711787953 3.6170162968832653e+02 361.7849229555978 361.87065675994967   
323 3876 0.016507254977338015 7.870812503318548 361.465711787953 3.6156971432688005e+02 361.80683218390993 361.9260689228701   
324 3888 0.015944599669355616 7.918721206149073 361.465711787953 3.6160054495528738e+02 361.8023592325129 361.9051514667479   
325 3900 0.014899088671282684 8.275152664538629 361.465711787953 3.6159983473058901e+02 361.74896606771597 361.93620497841306   
326 3912 0.01479934744864607 8.271562015995627 361.465711787953 3.6160027496500061e+02 361.7497086475715 361.8542269697327   
327 3924 0.014951696103686367 8.314650703395332 361.465711787953 3.6151154279259407e+02 361.702302242359 362.07638344024974   
328 3936 0.014627355393270982 8.139631334935684 361.465711787953 3.6168998484098404e+02 361.82168577885346 361.92034888460023   
329 3948 0.014330229638544328 8.261167389813359 361.465711787953 3.6154786259499753e+02 361.74224515766184 362.06460063610825   
330 3960 0.01454497661130027 8.484717842007367 361.465711787953 3.6162844651513404e+02 361.74780035789564 361.9375940679697   
331 3972 0.013805731052544956 8.528441604657104 361.465711787953 3.6161489887279964e+02 361.8097656686535 362.06475198038356   
332 3984 0.013916806735388382 8.567771073574631 361.465711787953 3.6161897960216174e+02 361.7585493892912 362.0121213728135   
333 3996 0.013760610801041512 8.459403081234653 361.465711787953 3.6160780147495234e+02 361.86778305967323 362.02745831192357   
334 4008 0.013796296128380575 8.61780343898146 361.465711787953 3.6163374302423858e+02 361.7531025259326 361.8836406995836   
335 4020 0.014248502191351648 8.623042433776769 361.465711787953 3.6164679150962860e+02 361.78480262173053 361.99205979200286   
336 4032 0.013943158532454569 8.629887534027999 361.465711787953 3.6163236267964038e+02 361.7136533847405 361.99453281407017   
337 4044 0.0137339186180281 8.609061086899105 361.465711787953 3.6166390477302036e+02 361.81129472329116 361.9060545510395   
338 4056 0.013437422192507688 8.773678373809641 361.465711787953 3.6165469175730340e+02 361.77597472562485 362.07003828359825   
339 4068 0.012953052242098027 8.846324393106398 361.465711787953 3.6151456887163920e+02 361.83931894201487 361.96862590732957   
340 4080 0.012332087020243921 8.959441216554204 361.465711787953 3.6161039197800699e+02 361.8227854104795 362.0431839909645   
341 4092 0.012249989040658344 8.963192940265658 361.465711787953 3.6153671821098834e+02 361.747131527004 361.8654174615481   
342 4104 0.012079360221532498 9.084512845714338 361.465711787953 3.6165470196896285e+02 361.8198965776056 362.0650487070017   
343 4116 0.01289759408912644 8.78886843976841 361.465711787953 3.6149030398807474e+02 361.73738406601325 361.9012009005653   
344 4128 0.01297574142741499 8.856847224878454 361.465711787953 3.6155305607797186e+02 361.78551979601417 362.05119654998975   
345 4140 0.012661549424303316 8.942698438182044 361.465711787953 3.6157194250621166e+02 361.8088858387544 361.98189523209766   
346 4152 0.012652588900279253 8.89842995128619 361.465711787953 3.6165131727608025e+02 361.7955909074333 361.91531758963595   
347 4164 0.01219844873552648 9.058156850186139 361.465711787953 3.6162828780264346e+02 361.86238758432 361.9897150052391   
348 4176 0.01210843198258814 9.161662306143624 361.465711787953 3.6162036581608254e+02 361.8825913405071 361.99513201949713   
349 4188 0.011844193893716227 9.23904435475813 361.465711787953 3.6159735346458837e+02 361.77161488020596 362.1191523832281   
350 4200 0.011992885465808508 9.315038180316874 361.465711787953 3.6158841351816938e+02 361.7607253484961 361.8889207203691   
351 4212 0.01223533160375332 9.380718881966047 361.465711787953 3.6167999690263980e+02 361.82496392103354 362.13635159877236   
352 4224 0.012203700559983845 9.293325188105497 361.465711787953 3.6165946789051162e+02 361.85550254098774 361.98034124942063   
353 4236 0.012035771865112668 9.2810161316845 361.465711787953 3.6161970487513065e+02 361.7335744664178 361.9195689316916   
354 4248 0.011455921319457055 9.28311899678307 361.465711787953 3.6162524965422693e+02 361.8524400438775 361.99105601905757   
355 4260 0.010987120340168731 9.343463291702339 361.465711787953 3.6157937456088882e+02 361.7912451762117 361.95217081603687   
356 4272 0.011174185448203278 9.380834480305293 361.465711787953 3.6159504983722917e+02 361.78662141341295 362.0579780703011   
357 4284 0.011761202042124443 9.227904800228636 361.465711787953 3.6158498513527309e+02 361.82856926512375 361.9695965384235   
358 4296 0.01147340123463276 9.594738485544415 361.465711787953 3.6162059252007958e+02 361.81495506189856 362.1539649039132   
359 4308 0.010853573836400935 9.687297574262262 361.465711787953 3.6155158518430670e+02 361.6934228217653 361.93757569676904   
360 4320 0.010284359443410636 9.733860010144172 361.465711787953 3.6159621261143036e+02 361.6963129135888 361.8673450766606   
361 4332 0.010050355334128106 9.70700156549868 361.465711787953 3.6160926124069266e+02 361.83644009553916 362.07640651014987   
362 4344 0.009857857683251234 9.74817874608317 361.465711787953 3.6159603530894884e+02 361.7154598030938 361.9039544055301   
363 4356 0.00962257940647763 9.628905654581443 361.465711787953 3.6164405860840026e+02 361.7257693522591 361.9343704909001   
364 4368 0.009721262257003298 9.856730455497646 361.465711787953 3.6168719675633031e+02 361.8535212412699 362.10628176144536   
365 4380 0.009639694014991247 9.831301891780338 361.465711787953 3.6163704800007440e+02 361.8665925467391 361.90495332796485   
366 4392 0.009086488430059863 9.87390025257879 361.465711787953 3.6160946662086974e+02 361.7749899309431 362.13282441252255   
367 4404 0.009056139729767489 9.917800230154855 361.465711787953 3.6155763262162498e+02 361.7580828237069 361.93347312774085   
368 4416 0.009117856792356396 10.223318404571197 361.465711787953 3.6148593173946398e+02 361.8174215813197 361.95711840373036   
369 4428 0.00928972075778835 10.092472547339213 361.465711787953 3.6162998089630509e+02 361.6958126343486 361.90760940216404   
370 4440 0.009519509334647944 9.777626686696479 361.465711787953 3.6159338155894437e+02 361.79096715640117 362.1254485750652   
371 4452 0.009545736258427431 9.702348230752133 361.465711787953 3.6159148198245180e+02 361.82686480422007 362.0602598681842   
372 4464 0.009645767804276676 9.565711585303974 361.465711787953 3.6155359104371865e+02 361.77105995079455 362.00605123103014   
373 4476 0.00918145580090026 9.693643959792475 361.465711787953 3.6154740697601898e+02 361.6983837247357 362.0348260740274   
374 4488 0.008644071076927207 9.763465836748631 361.465711787953 3.6150047200096867e+02 361.7716615022511 361.9099782290812   
375 4500 0.008417186693916128 9.607653319329227 361.465711787953 3.6163945898144777e+02 361.7610894849858 362.1207913528987   
376 4512 0.008904044435093109 9.55570733261802 361.465711787953 3.6162181380778719e+02 361.85929310432186 362.0504782730093   
377 4524 0.009229971383936867 9.572670854422888 361.465711787953 3.6146861467343359e+02 361.71627115583294 361.91871678088575   
378 4536 0.009600598375854943 9.515623158294785 361.465711787953 3.6156006401804814e+02 361.76134799373955 361.95575361544365   
379 4548 0.009515842382916865 9.230284430140282 361.465711787953 3.6158867933005439e+02 361.6687542131154 361.9822407247866   
380 4560 0.009249505179471759 9.276270008361141 361.465711787953 3.6157729201628587e+02 361.7505703618514 362.061208605381   
381 4572 0.00873429188621552 9.394214338969455 361.465711787953 3.6153997294223694e+02 361.71087122117564 361.8011740455721   
382 4584 0.008452939819148363 9.600904807310204 361.465711787953 3.6160882016004035e+02 361.8016681844317 361.95181237032256   
383 4596 0.008568647457956501 9.587963333138775 361.465711787953 3.6158256526623057e+02 361.7517385251793 361.87838891061364   
384 4608 0.008295913090135512 9.519281625935335 361.465711787953 3.6162371792635275e+02 361.7281092846872 361.96916804852924   
385 4620 0.008259695744217685 9.474575008984399 361.465711787953 3.6161962791054663e+02 361.7606369726411 361.93779641009917   
386 4632 0.007951002262220074 9.440715193538715 361.465711787953 3.6162824515018116e+02 361.8109869025705 362.04278912073175   
387 4644 0.007577628901757043 9.377654001040469 361.465711787953 3.6162280395596605e+02 361.7408558935539 361.8889581756898   
388 4656 0.007270923567443944 9.42571122088041 361.465711787953 3.6163946912300486e+02 361.8697006889772 362.04295045700025   
389 4668 0.007395239526847505 9.550597553292555 361.465711787953 3.6154637218494656e+02 361.70735300479123 361.8688378649471   
390 4680 0.007441412373414635 9.35928692589514 361.465711787953 3.6155094926555705e+02 361.7743813984523 361.9679064934461   
391 4692 0.007370091589930773 9.404724550627114 361.465711787953 3.6156326727868952e+02 361.8338597048109 362.1309998931372   
392 4704 0.007349393831585617 9.558390089034864 361.465711787953 3.6159531234169731e+02 361.7232625971571 362.03014819331594   
393 4716 0.007745397074438105 9.739153004437286 361.465711787953 3.6153495253032747e+02 361.7459435031216 362.0382402077144   
394 4728 0.008008349719977182 9.77068549178023 361.465711787953 3.6166295949419549e+02 361.82598274365523 361.9935533743591   
395 4740 0.008001534714033727 9.8788414873094 361.465711787953 3.6164498358948128e+02 361.7577630504806 361.9371573625334   
396 4752 0.008167979371823507 10.086145159220942 361.465711787953 3.6167975719524350e+02 361.81261398092937 362.02402321718495   
397 4764 0.008341590359686029 10.36410383209077 361.465711787953 3.6160081205593565e+02 361.75077445484385 361.85896337999145   
398 4776 0.008055540785910241 10.352602012759656 361.465711787953 3.6159614669751920e+02 361.75221096302596 361.9817470191981   
399 4788 0.007897177668544073 10.51125528457717 361.465711787953 3.6161559438836946e+02 361.7775902391661 361.97370842150195   
400 4800 0.00859587791453793 10.51874579255629 361.465711787953 3.6161284352049722e+02 361.7763972772559 361.8997857265383   
401 4812 0.009731695811745551 11.012224936104902 361.465711787953 3.6157980352702651e+02 361.77256822541216 362.08768048985223   
402 4824 0.010642670338926071 11.161656723016433 361.465711787953 3.6165071076315377e+02 361.7894862531319 361.8938922103822   
403 4836 0.010689477680942354 11.473157908848632 361.465711787953 3.6163584681625241e+02 361.7603678628287 362.09507178518163   
404 4848 0.011123778120061142 11.53763714755308 361.465711787953 3.6156821052689065e+02 361.7097968128486 362.0833480449768   
405 4860 0.010924204404216596 11.534428238278492 361.465711787953 3.6163688704244709e+02 361.89884440032444 362.007105633782   
406 4872 0.010747069714515068 11.571230476818451 361.4543608421062 3.6145436084210621e+02 361.84773957639754 361.9968316558888   
407 4884 0.011164341563991381 11.834925954285186 361.4543608421062 3.6158926776518257e+02 361.7877405547339 362.02419720742364   
408 4896 0.011416553562111546 11.831544977498273 361.4543608421062 3.6153329240693040e+02 361.79859097628173 362.0070933966865   
409 4908 0.012232841196923952 11.903463830965293 361.4543608421062 3.6151584415780582e+02 361.718665017533 361.9747423758162   
410 4920 0.012840522041195705 11.879032779377567 361.4543608421062 3.6161709944439627e+02 361.77706405738826 362.07722958771933   
411 4932 0.012698925190748906 11.812152999025766 361.4543608421062 3.6165838162124936e+02 361.8120656517082 362.1270468469551   
412 4944 0.013011356789541646 11.916812659157626 361.4543608421062 3.6160079114070504e+02 361.92158657698246 362.0623164184486   
413 4956 0.013106738382944402 11.717656248831274 361.4543608421062 3.6158198057867344e+02 361.82569669796453 362.10437540537   
414 4968 0.012987853095388338 11.681394588483343 361.4543608421062 3.6152642801021739e+02 361.82628379075754 362.08051023209515   
415 4980 0.013681455001316107 11.854023875347231 361.4543608421062 3.6164022387982811e+02 361.8440536484428 362.0014865267278   
416 4992 0.013701142551762729 12.339827721483466 361.4543608421062 3.6158854815079565e+02 361.77222736627755 362.07414441219555   
417 5004 0.013837289742242685 12.513761361065162 361.4543608421062 3.6166307874517355e+02 361.88028226752834 362.0721678135783   
418 5016 0.014644361426754121 12.423477699385467 361.4543608421062 3.6155229138229851e+02 361.74510611320886 361.976098011377   
419 5028 0.014293573501667649 12.778347193443462 361.4543608421062 3.6158192166324790e+02 361.8787987855506 362.00717934754573   
420 5040 0.014163861074883941 12.996562777950398 361.4543608421062 3.6164868028052706e+02 361.807601343637 361.92974785473655   
421 5052 0.01307411743898685 12.9949062393856 361.4543608421062 3.6164178819162930e+02 361.8038858944307 361.9073864423935   
422 5064 0.012574689892366542 13.048051327151843 361.4543608421062 3.6162906021825364e+02 361.76650319449624 361.9216209954031   
423 5076 0.012152990124410437 12.547283521654967 361.4543608421062 3.6156206175806233e+02 361.7495043677356 362.04819867150167   
424 5088 0.011534087218166135 12.780213169786261 361.4543608421062 3.6162003335960884e+02 361.79643191923265 362.07273054814516   
425 5100 0.01082535872010904 12.884720932470271 361.4543608421062 3.6153261125304869e+02 361.765131463472 362.0668606687618   
426 5112 0.011521795369183628 13.055958590877966 361.4543608421062 3.6167474340075501e+02 361.8180125457067 362.02506418504635   
427 5124 0.011996838118486302 13.257473353802828 361.4543608421062 3.6153681766213924e+02 361.8134597172503 361.9017969842344   
428 5136 0.011674536517577157 13.448013542586196 361.4543608421062 3.6156472139205044e+02 361.78547055246514 361.97411390834486   
429 5148 0.011795895929565174 13.453534747900727 361.4543608421062 3.6160975225106677e+02 361.7246209007637 362.15303914342223   
430 5160 0.013099312194437837 13.72716256483542 361.4543608421062 3.6159390494280450e+02 361.73626392722036 361.8570779213992   
431 5172 0.01376154268244512 14.071598173918904 361.4543608421062 3.6160662297377195e+02 361.78458550806016 362.0107625654378   
432 5184 0.014203530122608225 14.194321056480211 361.4543608421062 3.6147382293559940e+02 361.7772196976788 362.03010405422435   
433 5196 0.014871518301743282 14.260754565404424 361.4543608421062 3.6156277694890582e+02 361.8628599518602 361.96182332496505   
434 5208 0.01540341322398073 14.151489668400007 361.4543608421062 3.6159597245649337e+02 361.73182490459334 362.24368331032   
435 5220 0.01535902162221454 14.472121738322315 361.4543608421062 3.6166433126570291e+02 361.8194379628375 361.93969938093073   
436 5232 0.015137289456441435 14.216626845512222 361.4543608421062 3.6161513255999080e+02 361.75759196568504 361.98535341263045   
437 5244 0.014305094380283304 14.073099858263882 361.4543608421062 3.6161683874435829e+02 361.84380541720685 362.0119560019342   
438 5256 0.013843054253658053 14.085812686168827 361.4543608421062 3.6157355252904142e+02 361.763476331998 361.9855710113573   
439 5268 0.014544066195878926 14.184373374843295 361.4543608421062 3.6154899705471871e+02 361.80741837313826 362.1077488218747   
440 5280 0.014454378519763677 14.188385685316035 361.4543608421062 3.6163662986096847e+02 361.8179855522176 361.9684528181511   
441 5292 0.014053980789884367 14.055462097232818 361.4543608421062 3.6167589232947313e+02 361.7935858537128 361.9805109802768   
442 5304 0.013885028408424031 13.921207700829733 361.4543608421062 3.6164367092597359e+02 361.8837589004468 362.16690653691353   
443 5316 0.013699166419374085 13.931455764888243 361.4543608421062 3.6165401874835709e+02 361.8038305831749 361.9683147284344   
444 5328 0.013700551926989086 13.756914959939266 361.4543608421062 3.6151621020665169e+02 361.8229262168055 361.96274218901465   
445 5340 0.014171134012864323 13.690043992161124 361.4543608421062 3.6171975831507200e+02 361.87838031818177 362.1485948972064   
446 5352 0.013511310307357806 13.834087321712293 361.4543608421062 3.6160278710715778e+02 361.82691397844985 362.03748328457334   
447 5364 0.0124534189177547 13.63717194035058 361.4543608421062 3.6152274616211611e+02 361.7480436473299 362.00407037711983   
448 5376 0.012242242261182399 13.468625033188458 361.4543608421062 3.6163592099207580e+02 361.847701162817 362.0121034712138   
449 5388 0.011979732251445975 13.69191779728888 361.4543608421062 3.6168891094344076e+02 361.83088263090565 362.00351828988767   
450 5400 0.011459031238297326 13.655058987719038 361.4543608421062 3.6164966085651298e+02 361.8040328496155 362.07551639262374   
451 5412 0.011343965248128158 13.228666302663507 361.4543608421062 3.6167336593320294e+02 361.76788785573603 362.20446752881963   
452 5424 0.010777745957186915 13.07281105153292 361.4543608421062 3.6160394885105529e+02 361.7838887691791 361.99173576713207   
453 5436 0.009683505182969806 12.782455341348758 361.4543608421062 3.6161565322635010e+02 361.8122801781374 362.09655952195874   
454 5448 0.009281184241591517 12.887484259518972 361.4543608421062 3.6159034288900227e+02 361.80960510283705 362.06454510629766   
455 5460 0.009360361268300997 13.073559141188765 361.4543608421062 3.6156694539592633e+02 361.8200730414823 362.27118638216007   
456 5472 0.009111402335464334 13.605746020880899 361.4543608421062 3.6153309228361036e+02 361.7206269206163 362.02591047350256   
457 5484 0.008744847413326361 13.811183821920782 361.4543608421062 3.6159677594027943e+02 361.8752749557824 362.0613158970373   
458 5496 0.008646987927848241 14.030588825002281 361.4543608421062 3.6159305135209246e+02 361.7752980505903 362.1268066306126   
459 5508 0.00873512360184594 13.895833603221021 361.4543608421062 3.6150433007503534e+02 361.8152852495231 362.04342319354504   
460 5520 0.008566103948427037 13.947555722125342 361.4543608421062 3.6161141834886666e+02 361.8504293182895 362.28964680021016   
461 5532 0.008364737580823057 13.935104191480297 361.4543608421062 3.6165280598939182e+02 361.8855856523928 362.13142770922536   
462 5544 0.008037087974942838 14.054013526903033 361.4543608421062 3.6153632817398216e+02 361.84219214803176 362.17311559215455   
463 5556 0.00771490402626567 14.207538885962947 361.4543608421062 3.6161827353936047e+02 361.8043000408805 362.2302843921693   
464 5568 0.007344265834249771 14.159950783299196 361.4543608421062 3.6162728349428534e+02 361.85158534947817 362.048367906888   
465 5580 0.0071637670267072585 14.023938944857235 361.4543608421062 3.6157437548825840e+02 361.79335698948637 361.9575522373064   
466 5592 0.007059952365445499 14.011555198305933 361.4543608421062 3.6158704305502732e+02 361.82867272761655 362.0925764300717   
467 5604 0.006887602905449479 14.288683875515243 361.4543608421062 3.6167576153423164e+02 361.8004782661268 361.9759936140204   
468 5616 0.006566007254640447 14.430227030874256 361.4543608421062 3.6159161610139699e+02 361.7786170042299 362.1286113732579   
469 5628 0.006758361188931501 14.223392512186512 361.4543608421062 3.6161762872326955e+02 361.78575411500157 362.0993124820828   
470 5640 0.006671876510679439 14.368682807175206 361.4543608421062 3.6158084682237654e+02 361.86066850670437 362.13167470076513   
471 5652 0.006706590100537773 14.498544811893971 361.4543608421062 3.6172471198962342e+02 361.7953177944075 362.0515035175561   
472 5664 0.00664053112026077 14.425357156099468 361.4543608421062 3.6155498663877148e+02 361.77434157960903 361.9776020598949   
473 5676 0.006384840946441319 14.593906506162421 361.4543608421062 3.6155196431841080e+02 361.78016912730817 362.04766343773684   
474 5688 0.0064793063707456085 14.434231865253937 361.4543608421062 3.6162293928458325e+02 361.83516757625847 362.0051609904686   
475 5700 0.00641518749383747 14.181687647772934 361.4543608421062 3.6150370694086763e+02 361.7959320465397 362.0411455956631   
476 5712 0.0059000308865081695 14.177587517293066 361.4543608421062 3.6162544387174518e+02 361.8636356585037 362.27099898005105   
477 5724 0.005676407195236902 14.201225176953846 361.4543608421062 3.6164642762343902e+02 361.80656562281604 362.2468825013488   
478 5736 0.005341760322632494 14.194879460124662 361.4543608421062 3.6168487562080395e+02 361.8315818591643 362.274523555856   
479 5748 0.004974823581399531 14.473083166688317 361.4543608421062 3.6158213825845598e+02 361.8264173382984 362.1579363255062   
480 5760 0.004825728979192632 14.268667281471748 361.4543608421062 3.6169273758939931e+02 361.8454427503561 361.9546597498461   
481 5772 0.004464887494310412 14.538196595477821 361.4543608421062 3.6166295300890727e+02 361.7702542643434 361.9821785429164   
482 5784 0.004473564952107068 14.469895356370543 361.4543608421062 3.6168209482826671e+02 361.7910215116063 362.0560396079063   
483 5796 0.00442717498217103 14.560576433078984 361.4543608421062 3.6159764490078186e+02 361.7387511947786 361.9330109362897   
484 5808 0.004255044832440107 14.589900354003877 361.4543608421062 3.6163027604231672e+02 361.7768978538564 361.9906034842403   
485 5820 0.004202409160461083 14.72735835345701 361.4543608421062 3.6150444624222212e+02 361.7956669329102 362.19056212392184   
486 5832 0.0043174944767946895 14.850114192231903 361.4543608421062 3.6163658063576975e+02 361.8480588658464 362.0994103091106   
487 5844 0.004371861042609018 14.646786619449324 361.4543608421062 3.6147526430260410e+02 361.7945265156213 362.13597978302766   
488 5856 0.004327664332298759 14.448012366099935 361.4543608421062 3.6151865673698319e+02 361.8479094216583 362.0852153803175   
489 5868 0.004157526233591491 14.483122826590021 361.4543608421062 3.6160944051162204e+02 361.8296059305099 362.07432293833136   
490 5880 0.004137931334862115 14.485876719283203 361.4543608421062 3.6164563465214013e+02 361.84540539288895 362.2813786519241   
491 5892 0.004102802374031207 14.552225697900223 361.4543608421062 3.6147078783513928e+02 361.7314458583187 361.8359676973194   
492 5904 0.003967796259016209 15.014651109238773 361.4543608421062 3.6154516528712196e+02 361.7707307653534 362.00914271053574   
493 5916 0.0038121833706049255 14.86205095547143 361.4543608421062 3.6162482805141536e+02 361.79350153496495 362.3042115861264   
494 5928 0.0036955109213364003 14.796280303290633 361.4543608421062 3.6160038625801997e+02 361.7651663411117 362.0198052106604   
495 5940 0.003423267563892428 14.471933007148792 361.4543608421062 3.6149978951125837e+02 361.7931746578212 361.8889686612787   
496 5952 0.0032428296748008636 14.498162718267075 361.4543608421062 3.6171379049640768e+02 361.7758463760693 362.11966565942265   
497 5964 0.003179052244049057 14.47181693165579 361.4543608421062 3.6153069527809964e+02 361.7518439467805 362.09982083788447   
498 5976 0.0030855739777031236 14.844265103575786 361.4543608421062 3.6151862997971455e+02 361.8722386863599 362.0735287036751   
499 5988 0.003053639745786662 14.671382857120873 361.4543608421062 3.6157916192422351e+02 361.8329143185784 362.1616851754051   
500 6000 0.0031246511319260226 14.738706894275008 361.4543608421062 3.6158676206988457e+02 361.7893287168014 362.0326746159333   
501 6012 0.003169360047401211 14.602725553353505 361.4543608421062 3.6157120031281369e+02 361.83321644877066 362.1066886598614   
502 6024 0.0031471367866670917 14.74467187268908 361.4543608421062 3.6160291145867353e+02 361.82398598584575 362.22954810832715   
503 6036 0.003245938959337417 14.841361323876281 361.4543608421062 3.6160867463508447e+02 361.84504141414095 362.24397290850317   
504 6048 0.0033026227706304838 15.296100138409614 361.4543608421062 3.6164475786928523e+02 361.82019338544086 362.0695241060935   
505 6060 0.0035244270009961373 15.43707394798449 361.4543608421062 3.6159965208921130e+02 361.8328104466376 362.0216515085948   
506 6072 0.003565549978419354 15.660407224703782 361.4543608421062 3.6162909655496873e+02 361.7722349040926 362.01308779311654   
507 6084 0.003454640729747388 15.855609340407172 361.4543608421062 3.6161523834251801e+02 361.8699646085736 362.01644761706126   
508 6096 0.0035028675507912145 16.07789537372209 361.4543608421062 3.6164707114719744e+02 361.85768105848615 362.0983902861673   
509 6108 0.0036391156572267666 16.210025724311624 361.4543608421062 3.6165323499015017e+02 361.8194768006796 361.9695199807957   
510 6120 0.003838288603632479 16.498236391606568 361.4543608421062 3.6159294886522400e+02 361.83922083108985 361.96000381566296   
511 6132 0.004021450317143521 16.727186300620676 361.4543608421062 3.6156976878022300e+02 361.8013159954426 361.9751575487055   
512 6144 0.00399278473543719 16.70236768112912 361.4543608421062 3.6159544171858096e+02 361.7455614407141 361.888465787867   
513 6156 0.0040090546950402655 16.447008959063815 361.4543608421062 3.6171362123411467e+02 361.7880675171253 362.2143995541884   
514 6168 0.003985435846271621 16.564605622317266 361.4543608421062 3.6146261299769122e+02 361.83965417424145 362.12421746168934   
515 6180 0.004207464398448195 16.636531732222746 361.4543608421062 3.6164578528349745e+02 361.7665881827818 362.1930133701003   
516 6192 0.004412921847620954 17.639834483752022 361.4543608421062 3.6171055687395028e+02 361.9152790696377 362.04970311473267   
517 6204 0.004536197126017093 17.850240840126055 361.4543608421062 3.6166257337003691e+02 361.91042055714433 362.01456718984423   
518 6216 0.004651452942326696 17.563441084522054 361.4543608421062 3.6155874158866050e+02 361.7746392014083 362.12819554367013   
519 6228 0.005314980623203958 17.88918771159284 361.4543608421062 3.6158917356148157e+02 361.7414929319996 362.0332640928011   
520 6240 0.005920151434980731 18.406472859727526 361.4543608421062 3.6152392137557024e+02 361.81566415207215 362.20306821825983   
521 6252 0.0062061488470735405 18.54927598752216 361.4543608421062 3.6153088928670309e+02 361.8175882372985 361.91169495962134   
522 6264 0.006247058091314812 18.08405062964978 361.4543608421062 3.6150151698970802e+02 361.8116490875416 362.01100463235457   
523 6276 0.006388246517668024 18.223877067504823 361.4543608421062 3.6156640191951681e+02 361.9072288441426 362.0284240287922   
524 6288 0.006588338405255184 18.589008869442083 361.4543608421062 3.6169103811766325e+02 361.8287518011647 362.0235117169846   
525 6300 0.006926443440665763 18.78407994498219 361.4543608421062 3.6163047096240922e+02 361.8381114632685 362.08778381839807   
526 6312 0.007009097110421736 18.57757475464628 361.4543608421062 3.6165162439465144e+02 361.8216579118331 362.0077904591551   
527 6324 0.007591086493166661 18.62929332884528 361.4543608421062 3.6162193678134918e+02 361.7553837924301 362.0139837064425   
528 6336 0.008003819034402171 18.943310189968162 361.4543608421062 3.6169205675936905e+02 361.74722741812246 361.9079701579934   
529 6348 0.008525899623095471 19.156407940346142 361.4543608421062 3.6156289468721872e+02 361.75493129176874 361.9372505533571   
530 6360 0.009425182797673052 18.949013836758102 361.4543608421062 3.6162745401000052e+02 361.73360066068705 362.13265702775516   
531 6372 0.0099606280693036 18.716575861302502 361.4543608421062 3.6166085641142388e+02 361.77321452265215 362.0990288219796   
532 6384 0.010458607706153186 18.54819643974566 361.4543608421062 3.6150736509002593e+02 361.8330201626556 361.9117511581574   
533 6396 0.010707297367214085 18.57378527942429 361.4543608421062 3.6171295817436857e+02 361.87368378504533 362.2340504826137   
534 6408 0.011406927716624098 19.191430631141806 361.4543608421062 3.6161126855987806e+02 361.79421381705106 361.96220296279506   
535 6420 0.012280992102240299 19.55622524145007 361.4543608421062 3.6162808595228523e+02 361.88765059233396 362.12182007682566   
536 6432 0.01266943669067021 19.833685428728696 361.4543608421062 3.6157538779549060e+02 361.8389771064894 362.1999578143998   
537 6444 0.012845119729546198 19.64594231638586 361.4543608421062 3.6154790646096939e+02 361.7439706738312 361.9998848701626   
538 6456 0.013281027824818685 19.863555560825237 361.4543608421062 3.6155984550855811e+02 361.8016999138521 362.30456392136665   
539 6468 0.013654718749994823 19.98914034498197 361.4543608421062 3.6169199422849647e+02 361.7978656885302 362.07049663556774   
540 6480 0.013319060758935847 19.942785980538634 361.4543608421062 3.6169123907223093e+02 361.82024957551306 361.9828317107086   
541 6492 0.01326082484734182 19.626840192413475 361.4543608421062 3.6158219233597242e+02 361.810722323409 361.91232486489224   
542 6504 0.01295720690475878 19.956270921137076 361.4543608421062 3.6159715401327884e+02 361.81702748580875 362.2217774682592   
543 6516 0.012632073073212105 20.24299966058211 361.4543608421062 3.6164759509498111e+02 361.80412482550554 361.97094410334114   
544 6528 0.012906733435269848 20.247439189917642 361.4543608421062 3.6161272897267298e+02 361.7746971672066 361.8752448288753   
545 6540 0.013326788786071537 20.714455172397088 361.4543608421062 3.6169564399508130e+02 361.8916851587113 362.23755373295273   
546 6552 0.013312049699484057 21.02403351588214 361.4543608421062 3.6166120943562322e+02 361.93053951060494 362.04040689163224   
547 6564 0.012838503644385593 21.127619195595006 361.4543608421062 3.6167129817548340e+02 361.8135252964806 361.97231647660163   
548 6576 0.013165610346574996 21.389314544930023 361.4543608421062 3.6156485539166590e+02 361.74167477880786 361.9217118963792   
549 6588 0.013141741259664523 20.884346476260447 361.4543608421062 3.6163485101431775e+02 361.79234655672843 362.087246390803   
550 6600 0.012779098106578927 20.788526283234212 361.4543608421062 3.6151176005795372e+02 361.81632572987087 362.11220262963093   
551 6612 0.01233753728595015 21.27977843869178 361.4543608421062 3.6156680782936473e+02 361.812141653999 362.0687980105145   
552 6624 0.011465317759171412 21.18658635661972 361.4543608421062 3.6161005734686171e+02 361.82501673943096 362.09233778310784   
553 6636 0.011759341388596401 21.08939886221564 361.4543608421062 3.6168442620611381e+02 361.94336296704375 362.0471624324561   
554 6648 0.01200381021599136 20.84106698260104 361.4543608421062 3.6158721238876103e+02 361.72002834534595 362.0288887577653   
555 6660 0.011681605262845604 20.78542815119407 361.4543608421062 3.6165132385226093e+02 361.77767292676214 362.0260777261961   
556 6672 0.011579258561482165 20.650556126506128 361.4543608421062 3.6165773186367295e+02 361.8646109064689 362.0172097084117   
557 6684 0.011215537150114996 20.654896682847493 361.4543608421062 3.6155458121797125e+02 361.7356479291639 362.1301835358989   
558 6696 0.011116307873422906 20.34354282165159 361.4543608421062 3.6152574926985920e+02 361.7591076726532 361.84686414879957   
559 6708 0.010934468318900513 20.349961556306592 361.4543608421062 3.6162419740652854e+02 361.84748403975874 361.9501314149677   
560 6720 0.01061305909009335 20.32951332179961 361.4543608421062 3.6160026478902580e+02 361.79228924955777 362.0334943316333   
561 6732 0.010603948967575407 20.406079915603634 361.4543608421062 3.6156702677596132e+02 361.8023198202653 362.0073181693777   
562 6744 0.010940320422866768 20.31000336709461 361.4543608421062 3.6154012173113546e+02 361.781661809772 361.9964998694881   
563 6756 0.011377233681746495 20.02578636088357 361.4543608421062 3.6157966082488588e+02 361.8472116380024 362.284836098539   
564 6768 0.011778745625327101 19.857829545901676 361.4543608421062 3.6162462462205400e+02 361.76429671240857 361.90821678083586   
565 6780 0.012202899131320798 19.918082946375588 361.4543608421062 3.6159633270413315e+02 361.8204074388942 361.9421080080688   
566 6792 0.012019044518605292 20.41089387032632 361.4543608421062 3.6159851631170335e+02 361.8224291558087 362.2465581373978   
567 6804 0.01191188194144017 20.02369905176175 361.4543608421062 3.6157316345978711e+02 361.8045930535509 361.9572981585145   
568 6816 0.01138584783978082 20.202088398319432 361.4543608421062 3.6158729798543328e+02 361.8152798101574 362.1062042174058   
569 6828 0.011331264418818803 20.637888208606732 361.4543608421062 3.6168085387136739e+02 361.8097399786092 362.06052443607734   
570 6840 0.010789915383190575 20.19475909542435 361.4543608421062 3.6172146179159353e+02 361.81527372450995 362.14925152601074   
571 6852 0.01107379052636361 20.21734162003243 361.4543608421062 3.6158076016878829e+02 361.828266540098 361.9757583535804   
572 6864 0.011520824599607335 19.801569273789525 361.4543608421062 3.6156817328448722e+02 361.85936112889317 362.03794354606686   
573 6876 0.011954092300629339 20.506061319011124 361.4543608421062 3.6164104600991089e+02 361.7577442812088 362.0160632533782   
574 6888 0.012647202966719012 20.460385122867862 361.4543608421062 3.6175624068201040e+02 361.84288393981694 362.0965806805046   
575 6900 0.012861653234539666 20.56103898389012 361.4543608421062 3.6164735135552490e+02 361.8230746349479 361.9608607475783   
576 6912 0.012728857745420421 20.383067255867864 361.4543608421062 3.6160782621192402e+02 361.8135997400492 362.1492658977164   
577 6924 0.012451159848379316 20.633262828778356 361.4543608421062 3.6169712188260218e+02 361.79084565822234 361.9590064063474   
578 6936 0.012150489788459208 20.106094877475954 361.4543608421062 3.6161235349090020e+02 361.76874637709307 362.0345016048922   
579 6948 0.011763002870834746 20.06378732917934 361.4543608421062 3.6164152169636452e+02 361.7097858650225 362.0455446437005   
580 6960 0.011334392004209545 20.47299908925186 361.4543608421062 3.6161688078056852e+02 361.8064401279823 362.04745338034894   
581 6972 0.0115580067447423 20.699144895673342 361.4543608421062 3.6161549711663088e+02 361.80042643215995 361.94539026038655   
582 6984 0.011755127167183006 20.291635048425853 361.4543608421062 3.6163774799443104e+02 361.82652416372554 362.0796905588534   
583 6996 0.0124624275150236 20.337051052827544 361.4543608421062 3.6163826557700418e+02 361.80595193969515 361.91307060265495   
584 7008 0.012655537990490372 20.148034594693087 361.4543608421062 3.6164637515453649e+02 361.77203023652163 362.06105154008725   
585 7020 0.012764076782957877 19.960840025718806 361.4543608421062 3.6171236274929169e+02 361.865427329852 362.1870160091241   
586 7032 0.013237438650394888 19.94962882534018 361.4543608421062 3.6166996892576987e+02 361.8500334032336 362.3142729562973   
587 7044 0.013509125706191057 20.087522657646716 361.4543608421062 3.6161728371904576e+02 361.79133615972864 361.9883558783961   
588 7056 0.013097256911906958 20.109325864807154 361.4543608421062 3.6148761909883228e+02 361.8269760781358 362.0782205525838   
589 7068 0.013404538233996958 20.048064235371307 361.4543608421062 3.6158219667839148e+02 361.7748066109118 362.0123642509168   
590 7080 0.013905680011205271 20.365392399313198 361.4543608421062 3.6158767533551310e+02 361.77973465067384 361.96459329067244   
591 7092 0.013598724472327385 20.767909849760823 361.4543608421062 3.6159682879968454e+02 361.7314633617522 361.89484537955474   
592 7104 0.013291882047360721 20.69572237607494 361.4543608421062 3.6156992479045891e+02 361.83185048616383 361.9400505681202   
593 7116 0.012623200251611157 21.075756893875113 361.4543608421062 3.6151913931670538e+02 361.8123838151173 362.2439224714345   
594 7128 0.012186923060343332 21.314949359682288 361.4543608421062 3.6154504402090225e+02 361.8294431262669 362.03379351320217   
595 7140 0.01170877050276765 21.394038179320336 361.4543608421062 3.6166131521444578e+02 361.8109355791406 362.0709443293306   
596 7152 0.011260077589450364 21.559544905209926 361.4543608421062 3.6166504200705316e+02 361.8049647406817 362.0563802895053   
597 7164 0.01167979227056714 21.751196894743593 361.4543608421062 3.6160655145006319e+02 361.80206373294595 361.9403869883087   
598 7176 0.011619901911565762 22.430767595262733 361.4543608421062 3.6166619684492042e+02 361.82882054150036 362.0585969339637   
599 7188 0.011388837229441711 22.17289571390484 361.4543608421062 3.6164393033175122e+02 361.7813420757218 362.1503646544546   
600 7200 0.011054516897641909 22.648370533496305 361.4543608421062 3.6159104046215532e+02 361.800406661665 362.0151547188083   
601 7212 0.01110721405698336 22.434120390717784 361.4543608421062 3.6156340406956889e+02 361.7298456474495 362.21499442109496   
602 7224 0.0110836478335967 22.204911433705178 361.4543608421062 3.6156458288121422e+02 361.7953215559085 361.87911547399585   
603 7236 0.010919720477208723 22.223887873778285 361.4543608421062 3.6159486268012972e+02 361.8017337335656 361.89670327845613   
604 7248 0.010773094006745882 21.867840140301542 361.4543608421062 3.6154013790906066e+02 361.8178470821149 362.08546323174335   
605 7260 0.010506391771981162 21.865019055449416 361.4543608421062 3.6169388265004329e+02 361.71768584091376 361.9052674700286   
606 7272 0.01047906510349025 21.845911543348635 361.4543608421062 3.6166291687622675e+02 361.83099528723574 362.09953640956195   
607 7284 0.0103626908199634 22.434638672598528 361.4543608421062 3.6166859854608373e+02 361.79074868765923 362.18829240781827   
608 7296 0.01039095809565429 22.919365138892754 361.4543608421062 3.6165787475675694e+02 361.7993356748331 362.0112116924681   
609 7308 0.01013792556625873 23.27609125301022 361.4543608421062 3.6169696707606670e+02 361.8300867649946 362.0080946031939   
610 7320 0.009137488663957688 23.152986636435255 361.4543608421062 3.6160481477274487e+02 361.7694902327737 361.99314044119154   
611 7332 0.009021858443799805 22.94519852772237 361.4543608421062 3.6160012942933525e+02 361.83887428849073 362.01353288819905   
612 7344 0.009090746230688168 22.916880902822285 361.4543608421062 3.6160886820054424e+02 361.74752215169934 361.97122836363707   
613 7356 0.009488980319298965 22.931340543125273 361.4543608421062 3.6168126300984829e+02 361.80396466266996 361.93640596586   
614 7368 0.009910326915092634 22.950887371490584 361.4543608421062 3.6158100718610746e+02 361.8321771208665 361.92401152272146   
615 7380 0.010764919378053772 23.01543761523378 361.4543608421062 3.6153289819168714e+02 361.8590318536628 361.9793684977052   
616 7392 0.010866221695068136 23.358349356956293 361.4543608421062 3.6164849694574872e+02 361.78831689281793 362.0679619476237   
617 7404 0.010514377154481178 23.421063191237053 361.4543608421062 3.6165334742568007e+02 361.76167003529713 361.91223813856783   
618 7416 0.009857373512245537 23.975599347136757 361.4543608421062 3.6166971464338701e+02 361.8867368373596 362.1061913083096   
619 7428 0.009686624626064786 24.284043841456025 361.4543608421062 3.6166130593043522e+02 361.74855289419327 362.0224221496942   
620 7440 0.009353636149990229 24.546842809972446 361.4543608421062 3.6167008681873705e+02 361.8382669581667 362.00983610040066   
621 7452 0.009546924156713483 24.20632321461196 361.4543608421062 3.6154548960664408e+02 361.77288788103425 362.0932886158588   
622 7464 0.00966666513392796 24.13887976634435 361.4543608421062 3.6163902973302407e+02 361.83234629154816 362.2992841736222   
623 7476 0.0103646956485599 24.562337080241747 361.4543608421062 3.6149049624778894e+02 361.7677763664437 362.14670993165595   
624 7488 0.010477581194085261 26.084539894516194 361.4543608421062 3.6156478634007169e+02 361.82988185184166 361.94239875989643   
625 7500 0.011761123710183254 27.104897194559282 361.4543608421062 3.6158568044825597e+02 361.793942899038 361.9329218318444   
626 7512 0.012879798433225554 27.91671472965816 361.4543608421062 3.6161959358907109e+02 361.78875902209427 361.9331901708703   
627 7524 0.01351795696884309 28.707878211235144 361.4543608421062 3.6161835205211401e+02 361.82939185747114 361.9242362732832   
628 7536 0.014097870079208576 28.33462811875683 361.4543608421062 3.6161418832353797e+02 361.7948139113967 361.9507428113029   
629 7548 0.015487178993022821 28.363754119607513 361.4543608421062 3.6162141739494240e+02 361.78186316841357 362.09133661482036   
630 7560 0.016379758971552916 28.59211735346912 361.4543608421062 3.6169300761245330e+02 361.79717430599635 362.0346518494673   
631 7572 0.01708852686641189 28.466084896554115 361.4543608421062 3.6162413605595361e+02 361.8392229368958 361.9949887625452   
632 7584 0.017382527717299784 28.690654979178607 361.4543608421062 3.6168007255561992e+02 361.8124486880502 362.17060818175054   
633 7596 0.01752201070361518 29.044763210750617 361.4543608421062 3.6160163653674817e+02 361.8884181443195 362.0439895766381   
634 7608 0.018136138150173592 28.999721190961388 361.4543608421062 3.6158326814051759e+02 361.8383139184679 361.955092578744   
635 7620 0.017794366123736503 29.027028436048735 361.4543608421062 3.6166894814519151e+02 361.8322212806854 361.96720786380195   
636 7632 0.01773961036575097 28.98505129111168 361.4543608421062 3.6163707361612694e+02 361.75025863157987 362.0007729986718   
637 7644 0.01818752064460282 28.649936648266223 361.4543608421062 3.6160754609183380e+02 361.85008426476065 362.00122083649546   
638 7656 0.017571214903447048 29.02988632585243 361.4543608421062 3.6155905031485298e+02 361.863232493508 362.4184542591442   
639 7668 0.016840654206510767 28.912354529707805 361.4543608421062 3.6155408602344977e+02 361.7575159194242 362.1157041796338   
640 7680 0.015747868613968954 29.390743177499594 361.4543608421062 3.6159249262808873e+02 361.7822008934648 361.9868369170057   
641 7692 0.015703264312279912 29.229255634477997 361.4543608421062 3.6163587516606327e+02 361.8027721759848 362.0239313599011   
642 7704 0.015876974193801744 29.19773041121523 361.4543608421062 3.6166435103549776e+02 361.88043228579704 362.06128233360886   
643 7716 0.016848855737334526 29.413200681831313 361.4543608421062 3.6161032448330860e+02 361.8219440608377 362.09124605643905   
644 7728 0.01791866671251549 28.71493678121449 361.4543608421062 3.6166118920458791e+02 361.78068013803124 362.0166053934161   
645 7740 0.018763897040734532 28.52660333142327 361.4543608421062 3.6160218005098631e+02 361.83747773552176 361.9650558917703   
646 7752 0.018876583159842013 28.556308239616197 361.4543608421062 3.6153595012425387e+02 361.7407197340871 361.9450277576135   
647 7764 0.01864048290462594 28.731170925235336 361.4543608421062 3.6154341137012182e+02 361.8831261095531 362.2207596262594   
648 7776 0.017961081354376275 28.346822110771985 361.4543608421062 3.6160608851086909e+02 361.83183750020874 361.9927098657978   
649 7788 0.017464258416849145 28.904739749712217 361.4543608421062 3.6155928543483327e+02 361.77223071769816 362.0314977475337   
650 7800 0.016678751781409526 29.391566430823787 361.4543608421062 3.6162051488915262e+02 361.87499223086684 362.01391781739346   
651 7812 0.016343560624220606 29.29936032898173 361.4543608421062 3.6164301093367368e+02 361.7622183802602 362.11200316155833   
652 7824 0.0160894283351843 28.191063986062193 361.4543608421062 3.6169153003105532e+02 361.8214000293876 362.21571070143005   
653 7836 0.016294584769106252 28.363082299898046 361.4543608421062 3.6153585322092465e+02 361.7362161735479 361.9547413297501   
654 7848 0.01694878045983954 28.17967140560643 361.4543608421062 3.6167797837908017e+02 361.87374444690005 362.01755888683863   
655 7860 0.017331642318254847 27.844101061537526 361.4543608421062 3.6156766794785671e+02 361.7342248823464 361.9845764988235   
656 7872 0.01795808276703376 27.532724895751528 361.4543608421062 3.6164067796185037e+02 361.7638052959353 361.94938749954656   
657 7884 0.01781909002381457 27.495686880537882 361.4543608421062 3.6169545098706078e+02 361.8675967004029 362.04904824028665   
658 7896 0.017440368084025194 27.297114949831993 361.4543608421062 3.6161282952308204e+02 361.7865964242079 362.16695457556295   
659 7908 0.01732739348361494 27.586233825145165 361.4543608421062 3.6146567462798174e+02 361.7639398572711 361.9661942508224   
660 7920 0.017653819720534182 27.309578753135558 361.4543608421062 3.6163280673774631e+02 361.7916763441337 362.1067150722237   
661 7932 0.017492239411298988 27.666772780967186 361.4543608421062 3.6170369267774402e+02 361.84489912882276 361.98303829465794   
662 7944 0.016857066503723643 27.65460941722685 361.4543608421062 3.6162420373004437e+02 361.82290263982054 362.12903793226315   
663 7956 0.015959091207162265 28.247951563789748 361.4543608421062 3.6161269753664823e+02 361.8447150046667 361.9598422932827   
664 7968 0.015398863747446558 28.305157791591544 361.4543608421062 3.6164066814137914e+02 361.7837449523772 361.89769162319016   
665 7980 0.014778710836811117 28.055330482872325 361.4543608421062 3.6167138582224351e+02 361.8320840830137 361.9308821143547   
666 7992 0.01400355383871294 28.055831710894896 361.4543608421062 3.6156115114924074e+02 361.83892942947955 361.967592740977   
667 8004 0.013535337054440379 27.877010779206884 361.4543608421062 3.6160442323840050e+02 361.8305403332496 361.93602354684543   
668 8016 0.013861412812662342 27.858884236124208 361.4543608421062 3.6163965770967610e+02 361.82433848290805 361.8876842402721   
669 8028 0.013378787895190463 27.448708611743694 361.4543608421062 3.6168217895695449e+02 361.7487303746371 361.9394006770643   
670 8040 0.012929476179070217 27.170860334405113 361.4543608421062 3.6157758806960823e+02 361.7926733088819 361.9786241740268   
671 8052 0.013423920946205068 27.081424993884912 361.4543608421062 3.6156278466784136e+02 361.797506268641 362.1647373873365   
672 8064 0.01437848845914301 27.664959465030382 361.4543608421062 3.6159848335072621e+02 361.80328431935516 362.0055477096718   
673 8076 0.01585220349715663 27.368809914894467 361.4543608421062 3.6152006341492830e+02 361.81324208071374 361.94195315228666   
674 8088 0.016320222782386748 27.572368189678713 361.4543608421062 3.6155666054549522e+02 361.75801698029557 362.0014871897511   
675 8100 0.01744730482129079 27.764799437754935 361.4543608421062 3.6151838992237049e+02 361.86821690796154 362.11869737662283   
676 8112 0.01824398356415766 28.24051525965968 361.4543608421062 3.6161580221848129e+02 361.78787410185424 361.8828473818101   
677 8124 0.01852146731233506 27.381929462927264 361.4543608421062 3.6166577603475577e+02 361.7758181837387 361.93130359229707   
678 8136 0.018742693980734894 27.362514130698962 361.4543608421062 3.6164009448664541e+02 361.8487605509148 362.028426867352   
679 8148 0.018648987457926192 26.031486554119766 361.4543608421062 3.6164528907411409e+02 361.87636705162333 362.1569165678862   
680 8160 0.01885653371261937 25.98442093728491 361.4543608421062 3.6165645762297862e+02 361.85483951194675 362.050897302508   
681 8172 0.01790216951884192 26.5965354725306 361.4543608421062 3.6157630369268924e+02 361.8710892952924 362.1260910083837   
682 8184 0.01773246169695531 26.73453431995128 361.4543608421062 3.6159443337968639e+02 361.8358304597765 362.04773846255824   
683 8196 0.016854628697494822 27.144672865317986 361.4543608421062 3.6154322184897018e+02 361.8212396347879 362.10056728855926   
684 8208 0.015827520945909224 27.52170763000873 361.4543608421062 3.6168574611740650e+02 361.78992905240267 361.98982925634965   
685 8220 0.015513497471836578 27.992568407117243 361.4543608421062 3.6171218949756422e+02 361.8505064292228 361.9681903538292   
686 8232 0.015469617445666746 28.036903638903926 361.4543608421062 3.6165565049369025e+02 361.837274694317 361.89944727509885   
687 8244 0.015117960327151903 28.349101438670328 361.4543608421062 3.6165680593661182e+02 361.81428666775366 362.1206032610939   
688 8256 0.01454271515524821 28.667408245915183 361.4543608421062 3.6171643426268105e+02 361.87926207532774 361.97951157025494   
689 8268 0.014940873957040114 27.960974305641052 361.4543608421062 3.6161583820668267e+02 361.76348102695283 361.90856789751047   
690 8280 0.014996200041677052 27.92501763421094 361.4543608421062 3.6168594325739082e+02 361.83308306995207 362.0498308979991   
691 8292 0.015162157362530185 28.157165954004363 361.4543608421062 3.6170053624744980e+02 361.8091692742729 362.46316557177175   
692 8304 0.01591531088461774 27.733720925677705 361.4543608421062 3.6162014524286838e+02 361.8704317699703 362.00422143059507   
693 8316 0.016553678413465785 27.766985747276298 361.4543608421062 3.6168956724431041e+02 361.7995849214145 362.20071366581715   
694 8328 0.015888928551758316 27.412318571417135 361.4543608421062 3.6165943594864399e+02 361.83277275162254 362.1431166804372   
695 8340 0.015199831962797977 27.36271010384723 361.4543608421062 3.6164094097440289e+02 361.861192912746 361.9983379210875   
